#####################################################################
#  MagAO-X Filter Curve
#
# magaox_sci-halpha_bs-halpha-ir.dat
#
# Science H-alpha bandpass with H-alpha/IR B/S, without atmosphere
#
# Characteristics:
#    lambda_0:  6.56408e-07 [central wavelength, in m]
#    w_eff:     8.53085e-09 [effective width, in m]
#    FWHM:      8.46193e-09 [full-width at half max., in m]
#    Trans_max: 0.229925 [maximum transmission]
#
# Vega Zero Point Flux Densities (calculated):
#    f_lambda_0: 0.0178821 [W/m^3 above atm]
#    f_nu_0:     2569.8 [Jy above atm]
#    f_phot_0:   5.90866e+16 [photons/s/m^3 above atm]
#
# Vega Zero Point Fluxes (calculated):
#    F_W_0: 4.63633e-09 [W at telescope aperture]
#    F_phot_0:   3.52235e+09 [photons/s at detector]
#
#####################################################################
# lambda [m]             transmission
#-------------------------------------------------
  6.401e-07          0
  6.402e-07          3.05545e-06
  6.403e-07          3.36943e-06
  6.404e-07          3.68486e-06
  6.405e-07          3.73365e-06
  6.406e-07          3.78258e-06
  6.407e-07          3.83457e-06
  6.408e-07          3.84295e-06
  6.409e-07          3.85132e-06
  6.41e-07          3.8564e-06
  6.411e-07          3.86024e-06
  6.412e-07          3.8629e-06
  6.413e-07          3.88403e-06
  6.414e-07          3.90423e-06
  6.415e-07          3.92625e-06
  6.416e-07          4.12198e-06
  6.417e-07          4.45012e-06
  6.418e-07          4.90096e-06
  6.419e-07          5.18234e-06
  6.42e-07          5.53239e-06
  6.421e-07          5.68344e-06
  6.422e-07          6.00962e-06
  6.423e-07          6.33579e-06
  6.424e-07          6.54217e-06
  6.425e-07          6.74855e-06
  6.426e-07          7.08119e-06
  6.427e-07          7.41379e-06
  6.428e-07          7.98724e-06
  6.429e-07          8.31383e-06
  6.43e-07          8.80392e-06
  6.431e-07          9.30072e-06
  6.432e-07          9.8157e-06
  6.433e-07          1.00109e-05
  6.434e-07          1.04893e-05
  6.435e-07          1.09219e-05
  6.436e-07          1.15254e-05
  6.437e-07          1.19972e-05
  6.438e-07          1.25317e-05
  6.439e-07          1.29061e-05
  6.44e-07          1.35336e-05
  6.441e-07          1.44364e-05
  6.442e-07          1.5182e-05
  6.443e-07          1.60064e-05
  6.444e-07          1.68295e-05
  6.445e-07          1.73631e-05
  6.446e-07          1.78958e-05
  6.447e-07          1.90982e-05
  6.448e-07          2.04039e-05
  6.449e-07          2.19251e-05
  6.45e-07          2.31488e-05
  6.451e-07          2.42177e-05
  6.452e-07          2.49264e-05
  6.453e-07          2.6244e-05
  6.454e-07          2.80423e-05
  6.455e-07          2.88405e-05
  6.456e-07          3.06118e-05
  6.457e-07          3.30551e-05
  6.458e-07          3.35464e-05
  6.459e-07          3.64493e-05
  6.46e-07          4.09761e-05
  6.461e-07          4.34993e-05
  6.462e-07          4.82005e-05
  6.463e-07          5.29975e-05
  6.464e-07          5.73174e-05
  6.465e-07          6.1717e-05
  6.466e-07          6.654e-05
  6.467e-07          7.14302e-05
  6.468e-07          7.92056e-05
  6.469e-07          8.37839e-05
  6.47e-07          9.25661e-05
  6.471e-07          9.96096e-05
  6.472e-07          0.000111716
  6.473e-07          0.000120574
  6.474e-07          0.000131168
  6.475e-07          0.000146247
  6.476e-07          0.000157353
  6.477e-07          0.000177029
  6.478e-07          0.000198932
  6.479e-07          0.00020981
  6.48e-07          0.000243488
  6.481e-07          0.000263033
  6.482e-07          0.000306827
  6.483e-07          0.000341487
  6.484e-07          0.000376148
  6.485e-07          0.000412328
  6.486e-07          0.000448475
  6.487e-07          0.000508749
  6.488e-07          0.000554203
  6.489e-07          0.00063566
  6.49e-07          0.000729051
  6.491e-07          0.000841136
  6.492e-07          0.000932219
  6.493e-07          0.00108456
  6.494e-07          0.00120497
  6.495e-07          0.00140536
  6.496e-07          0.00162926
  6.497e-07          0.00183308
  6.498e-07          0.00218983
  6.499e-07          0.00256041
  6.5e-07          0.00282644
  6.501e-07          0.00340659
  6.502e-07          0.00386239
  6.503e-07          0.00481816
  6.504e-07          0.0056578
  6.505e-07          0.00649691
  6.506e-07          0.00737903
  6.507e-07          0.00826059
  6.508e-07          0.0102042
  6.509e-07          0.0120945
  6.51e-07          0.0141782
  6.511e-07          0.0167593
  6.512e-07          0.019996
  6.513e-07          0.0244912
  6.514e-07          0.0290295
  6.515e-07          0.0343266
  6.516e-07          0.0412713
  6.517e-07          0.0474661
  6.518e-07          0.0593503
  6.519e-07          0.0700651
  6.52e-07          0.0804285
  6.521e-07          0.0978184
  6.522e-07          0.117727
  6.523e-07          0.132618
  6.524e-07          0.147502
  6.525e-07          0.159256
  6.526e-07          0.171007
  6.527e-07          0.181096
  6.528e-07          0.191181
  6.529e-07          0.201927
  6.53e-07          0.210417
  6.531e-07          0.217742
  6.532e-07          0.220755
  6.533e-07          0.223767
  6.534e-07          0.226847
  6.535e-07          0.229925
  6.536e-07          0.229896
  6.537e-07          0.229866
  6.538e-07          0.229836
  6.539e-07          0.229807
  6.54e-07          0.229777
  6.541e-07          0.229752
  6.542e-07          0.229765
  6.543e-07          0.229778
  6.544e-07          0.229796
  6.545e-07          0.229814
  6.546e-07          0.229788
  6.547e-07          0.229762
  6.548e-07          0.229736
  6.549e-07          0.22971
  6.55e-07          0.229684
  6.551e-07          0.229674
  6.552e-07          0.229664
  6.553e-07          0.229655
  6.554e-07          0.229645
  6.555e-07          0.229635
  6.556e-07          0.22957
  6.557e-07          0.229504
  6.558e-07          0.229446
  6.559e-07          0.229444
  6.56e-07          0.229439
  6.561e-07          0.229423
  6.562e-07          0.229343
  6.563e-07          0.229131
  6.564e-07          0.228919
  6.565e-07          0.228848
  6.566e-07          0.228777
  6.567e-07          0.228757
  6.568e-07          0.228737
  6.569e-07          0.228717
  6.57e-07          0.228698
  6.571e-07          0.228671
  6.572e-07          0.228575
  6.573e-07          0.228346
  6.574e-07          0.228267
  6.575e-07          0.227926
  6.576e-07          0.227775
  6.577e-07          0.227542
  6.578e-07          0.227515
  6.579e-07          0.227488
  6.58e-07          0.227461
  6.581e-07          0.22743
  6.582e-07          0.227331
  6.583e-07          0.227129
  6.584e-07          0.226978
  6.585e-07          0.226827
  6.586e-07          0.226625
  6.587e-07          0.226423
  6.588e-07          0.226338
  6.589e-07          0.226102
  6.59e-07          0.225876
  6.591e-07          0.225276
  6.592e-07          0.225019
  6.593e-07          0.224419
  6.594e-07          0.223957
  6.595e-07          0.223446
  6.596e-07          0.219892
  6.597e-07          0.216382
  6.598e-07          0.214459
  6.599e-07          0.208259
  6.6e-07          0.202604
  6.601e-07          0.192905
  6.602e-07          0.172948
  6.603e-07          0.159588
  6.604e-07          0.146403
  6.605e-07          0.133457
  6.606e-07          0.120662
  6.607e-07          0.108799
  6.608e-07          0.0970708
  6.609e-07          0.0823199
  6.61e-07          0.0710463
  6.611e-07          0.0596625
  6.612e-07          0.0467986
  6.613e-07          0.0382898
  6.614e-07          0.0324415
  6.615e-07          0.0263615
  6.616e-07          0.0224254
  6.617e-07          0.0177243
  6.618e-07          0.0147811
  6.619e-07          0.0121819
  6.62e-07          0.00975038
  6.621e-07          0.00763441
  6.622e-07          0.00630888
  6.623e-07          0.00454198
  6.624e-07          0.0035397
  6.625e-07          0.00265653
  6.626e-07          0.00204918
  6.627e-07          0.00152033
  6.628e-07          0.00120329
  6.629e-07          0.000923346
  6.63e-07          0.00070538
  6.631e-07          0.000568344
  6.632e-07          0.000452055
  6.633e-07          0.000344963
  6.634e-07          0.00026746
  6.635e-07          0.000207238
  6.636e-07          0.000153462
  6.637e-07          0.000112593
  6.638e-07          7.45517e-05
  6.639e-07          4.48195e-05
  6.64e-07          2.9916e-05
  6.641e-07          2.60799e-05
  6.642e-07          2.27917e-05
  6.643e-07          2.09358e-05
  6.644e-07          1.76258e-05
  6.645e-07          1.60749e-05
  6.646e-07          1.45247e-05
  6.647e-07          1.34276e-05
  6.648e-07          1.2331e-05
  6.649e-07          1.09217e-05
  6.65e-07          1.03346e-05
  6.651e-07          9.06844e-06
  6.652e-07          8.39888e-06
  6.653e-07          7.35725e-06
  6.654e-07          6.6685e-06
  6.655e-07          6.11158e-06
  6.656e-07          5.75658e-06
  6.657e-07          5.11101e-06
  6.658e-07          4.67216e-06
  6.659e-07          4.3153e-06
  6.66e-07          3.8372e-06
  6.661e-07          3.68981e-06
  6.662e-07          3.27027e-06
  6.663e-07          2.92536e-06
  6.664e-07          2.69529e-06
  6.665e-07          2.46537e-06
  6.666e-07          2.31e-06
  6.667e-07          2.15467e-06
  6.668e-07          2.00622e-06
  6.669e-07          1.85782e-06
  6.67e-07          1.72588e-06
  6.671e-07          1.59141e-06
  6.672e-07          1.48039e-06
  6.673e-07          1.39943e-06
  6.674e-07          1.2946e-06
  6.675e-07          1.19166e-06
  6.676e-07          1.11257e-06
  6.677e-07          1.06747e-06
  6.678e-07          9.76631e-07
  6.679e-07          9.07582e-07
  6.68e-07          8.70786e-07
  6.681e-07          8.18059e-07
  6.682e-07          7.69325e-07
  6.683e-07          7.17815e-07
  6.684e-07          6.47254e-07
  6.685e-07          6.15289e-07
  6.686e-07          5.83344e-07
  6.687e-07          5.66342e-07
  6.688e-07          5.48828e-07
  6.689e-07          5.16352e-07
  6.69e-07          5.11185e-07
  6.691e-07          4.71868e-07
  6.692e-07          4.38622e-07
  6.693e-07          4.27287e-07
  6.694e-07          3.99837e-07
  6.695e-07          3.76423e-07
  6.696e-07          3.58126e-07
  6.697e-07          3.38847e-07
  6.698e-07          3.251e-07
  6.699e-07          3.15358e-07
  6.7e-07          3.05616e-07
  6.701e-07          2.89051e-07
  6.702e-07          2.78374e-07
  6.703e-07          2.63376e-07
  6.704e-07          2.5344e-07
  6.705e-07          2.43556e-07
  6.706e-07          2.27623e-07
  6.707e-07          2.1201e-07
  6.708e-07          2.02273e-07
  6.709e-07          1.92659e-07
  6.71e-07          1.82485e-07
  6.711e-07          1.75062e-07
  6.712e-07          1.66771e-07
  6.713e-07          1.62306e-07
  6.714e-07          1.61153e-07
  6.715e-07          1.60942e-07
  6.716e-07          1.60701e-07
  6.717e-07          1.65057e-07
  6.718e-07          1.66473e-07
  6.719e-07          1.66437e-07
  6.72e-07          1.6794e-07
  6.721e-07          1.67863e-07
  6.722e-07          1.58163e-07
  6.723e-07          1.52325e-07
  6.724e-07          1.42266e-07
  6.725e-07          1.43195e-07
  6.726e-07          1.44052e-07
  6.727e-07          1.45453e-07
  6.728e-07          1.46826e-07
  6.729e-07          1.47049e-07
  6.73e-07          1.50165e-07
  6.731e-07          1.35768e-07
  6.732e-07          1.2372e-07
  6.733e-07          1.07513e-07
  6.734e-07          1.03761e-07
  6.735e-07          1.01497e-07
  6.736e-07          0
