#####################################################################
#  MagAO-X Filter Curve
#
# magaox_sci-halpha-cont_bs-halpha-ir.dat
#
# Science H-alpha Continuum bandpass with H-alpha/IR B/S, without atmosphere
#
# Characteristics:
#    lambda_0:  6.68037e-07 [central wavelength, in m]
#    w_eff:     8.62275e-09 [effective width, in m]
#    FWHM:      8.4928e-09 [full-width at half max., in m]
#    Trans_max: 0.218202 [maximum transmission]
#
# Vega Zero Point Flux Densities (calculated):
#    f_lambda_0: 0.019793 [W/m^3 above atm]
#    f_nu_0:     2946.21 [Jy above atm]
#    f_phot_0:   6.65607e+16 [photons/s/m^3 above atm]
#
# Vega Zero Point Fluxes (calculated):
#    F_W_0: 5.18706e-09 [W at telescope aperture]
#    F_phot_0:   3.80616e+09 [photons/s at detector]
#
#####################################################################
# lambda [m]             transmission
#-------------------------------------------------
  6.515e-07          0
  6.516e-07          1.82844e-09
  6.517e-07          2.08734e-09
  6.518e-07          2.24311e-09
  6.519e-07          2.40276e-09
  6.52e-07          2.44137e-09
  6.521e-07          2.48865e-09
  6.522e-07          2.47078e-09
  6.523e-07          2.46773e-09
  6.524e-07          2.46446e-09
  6.525e-07          2.55061e-09
  6.526e-07          2.63549e-09
  6.527e-07          2.76e-09
  6.528e-07          2.88265e-09
  6.529e-07          3.09467e-09
  6.53e-07          3.28688e-09
  6.531e-07          3.30312e-09
  6.532e-07          3.45715e-09
  6.533e-07          3.56235e-09
  6.534e-07          3.68147e-09
  6.535e-07          3.84079e-09
  6.536e-07          3.90186e-09
  6.537e-07          3.95751e-09
  6.538e-07          4.10212e-09
  6.539e-07          4.20205e-09
  6.54e-07          4.38554e-09
  6.541e-07          4.45109e-09
  6.542e-07          4.66952e-09
  6.543e-07          4.98918e-09
  6.544e-07          5.14104e-09
  6.545e-07          5.2896e-09
  6.546e-07          5.40523e-09
  6.547e-07          5.51899e-09
  6.548e-07          5.73644e-09
  6.549e-07          6.06394e-09
  6.55e-07          6.12253e-09
  6.551e-07          6.45643e-09
  6.552e-07          6.64665e-09
  6.553e-07          6.95139e-09
  6.554e-07          7.26741e-09
  6.555e-07          7.63702e-09
  6.556e-07          8.03734e-09
  6.557e-07          8.18821e-09
  6.558e-07          8.75643e-09
  6.559e-07          9.28546e-09
  6.56e-07          9.36174e-09
  6.561e-07          1.02916e-08
  6.562e-07          1.70039e-08
  6.563e-07          3.88511e-08
  6.564e-07          6.333e-08
  6.565e-07          7.30303e-08
  6.566e-07          8.33847e-08
  6.567e-07          8.79558e-08
  6.568e-07          9.25171e-08
  6.569e-07          9.61155e-08
  6.57e-07          1.03043e-07
  6.571e-07          1.1199e-07
  6.572e-07          1.30609e-07
  6.573e-07          1.79688e-07
  6.574e-07          1.92608e-07
  6.575e-07          2.64243e-07
  6.576e-07          3.07851e-07
  6.577e-07          3.78846e-07
  6.578e-07          4.14759e-07
  6.579e-07          4.45274e-07
  6.58e-07          4.86006e-07
  6.581e-07          5.15436e-07
  6.582e-07          5.99699e-07
  6.583e-07          7.3665e-07
  6.584e-07          8.62092e-07
  6.585e-07          9.97184e-07
  6.586e-07          1.16716e-06
  6.587e-07          1.35041e-06
  6.588e-07          1.46256e-06
  6.589e-07          1.78166e-06
  6.59e-07          2.12397e-06
  6.591e-07          2.76861e-06
  6.592e-07          3.21524e-06
  6.593e-07          4.12195e-06
  6.594e-07          4.9847e-06
  6.595e-07          6.23061e-06
  6.596e-07          7.11098e-06
  6.597e-07          8.90521e-06
  6.598e-07          1.02505e-05
  6.599e-07          1.31811e-05
  6.6e-07          1.56411e-05
  6.601e-07          2.04015e-05
  6.602e-07          2.9681e-05
  6.603e-07          3.8013e-05
  6.604e-07          4.73699e-05
  6.605e-07          5.95848e-05
  6.606e-07          7.31275e-05
  6.607e-07          8.83166e-05
  6.608e-07          0.000104849
  6.609e-07          0.000123718
  6.61e-07          0.00015831
  6.611e-07          0.000211109
  6.612e-07          0.000297233
  6.613e-07          0.000398879
  6.614e-07          0.00051692
  6.615e-07          0.000688151
  6.616e-07          0.00086791
  6.617e-07          0.00109461
  6.618e-07          0.00137366
  6.619e-07          0.00166651
  6.62e-07          0.00225843
  6.621e-07          0.00304695
  6.622e-07          0.00390018
  6.623e-07          0.00577561
  6.624e-07          0.00763988
  6.625e-07          0.00973454
  6.626e-07          0.0124968
  6.627e-07          0.015555
  6.628e-07          0.018869
  6.629e-07          0.0224318
  6.63e-07          0.0290437
  6.631e-07          0.034975
  6.632e-07          0.041893
  6.633e-07          0.0505788
  6.634e-07          0.0588043
  6.635e-07          0.0725649
  6.636e-07          0.0866792
  6.637e-07          0.0969374
  6.638e-07          0.1158
  6.639e-07          0.133557
  6.64e-07          0.147794
  6.641e-07          0.159347
  6.642e-07          0.168316
  6.643e-07          0.181482
  6.644e-07          0.197073
  6.645e-07          0.202349
  6.646e-07          0.207623
  6.647e-07          0.210721
  6.648e-07          0.213817
  6.649e-07          0.21601
  6.65e-07          0.218202
  6.651e-07          0.218168
  6.652e-07          0.218134
  6.653e-07          0.2181
  6.654e-07          0.218005
  6.655e-07          0.217847
  6.656e-07          0.21774
  6.657e-07          0.217695
  6.658e-07          0.217661
  6.659e-07          0.217573
  6.66e-07          0.217486
  6.661e-07          0.217402
  6.662e-07          0.217334
  6.663e-07          0.217266
  6.664e-07          0.217204
  6.665e-07          0.217143
  6.666e-07          0.217112
  6.667e-07          0.217082
  6.668e-07          0.217051
  6.669e-07          0.217021
  6.67e-07          0.21699
  6.671e-07          0.216968
  6.672e-07          0.216946
  6.673e-07          0.216923
  6.674e-07          0.216901
  6.675e-07          0.216879
  6.676e-07          0.216857
  6.677e-07          0.216834
  6.678e-07          0.21681
  6.679e-07          0.216775
  6.68e-07          0.21676
  6.681e-07          0.216745
  6.682e-07          0.216722
  6.683e-07          0.216653
  6.684e-07          0.216585
  6.685e-07          0.216516
  6.686e-07          0.216448
  6.687e-07          0.216345
  6.688e-07          0.216241
  6.689e-07          0.216111
  6.69e-07          0.216088
  6.691e-07          0.216061
  6.692e-07          0.216034
  6.693e-07          0.21601
  6.694e-07          0.215987
  6.695e-07          0.215974
  6.696e-07          0.215947
  6.697e-07          0.21592
  6.698e-07          0.215893
  6.699e-07          0.215883
  6.7e-07          0.215874
  6.701e-07          0.215777
  6.702e-07          0.215726
  6.703e-07          0.215797
  6.704e-07          0.215707
  6.705e-07          0.215617
  6.706e-07          0.215595
  6.707e-07          0.215572
  6.708e-07          0.215566
  6.709e-07          0.21556
  6.71e-07          0.215504
  6.711e-07          0.213473
  6.712e-07          0.211442
  6.713e-07          0.207498
  6.714e-07          0.20493
  6.715e-07          0.202442
  6.716e-07          0.190893
  6.717e-07          0.180899
  6.718e-07          0.167353
  6.719e-07          0.157625
  6.72e-07          0.146131
  6.721e-07          0.131308
  6.722e-07          0.116661
  6.723e-07          0.103464
  6.724e-07          0.0856189
  6.725e-07          0.0752627
  6.726e-07          0.0649308
  6.727e-07          0.0577773
  6.728e-07          0.0506389
  6.729e-07          0.0415615
  6.73e-07          0.0347281
  6.731e-07          0.030744
  6.732e-07          0.0261163
  6.733e-07          0.0224341
  6.734e-07          0.018709
  6.735e-07          0.0159642
  6.736e-07          0.0139467
  6.737e-07          0.0115975
  6.738e-07          0.0101291
  6.739e-07          0.00886278
  6.74e-07          0.00762406
  6.741e-07          0.00668828
  6.742e-07          0.00566501
  6.743e-07          0.00451557
  6.744e-07          0.00402884
  6.745e-07          0.00354393
  6.746e-07          0.00316181
  6.747e-07          0.00278099
  6.748e-07          0.00253619
  6.749e-07          0.00229218
  6.75e-07          0.00197606
  6.751e-07          0.00164504
  6.752e-07          0.00153599
  6.753e-07          0.0012882
  6.754e-07          0.00113766
  6.755e-07          0.00101726
  6.756e-07          0.000882486
  6.757e-07          0.000786419
  6.758e-07          0.000690192
  6.759e-07          0.000598601
  6.76e-07          0.000550099
  6.761e-07          0.000476164
  6.762e-07          0.000434814
  6.763e-07          0.000373445
  6.764e-07          0.00030959
  6.765e-07          0.000277304
  6.766e-07          0.000246068
  6.767e-07          0.00022209
  6.768e-07          0.00019882
  6.769e-07          0.000183698
  6.77e-07          0.000168948
  6.771e-07          0.000146504
  6.772e-07          0.000132406
  6.773e-07          0.000118961
  6.774e-07          0.000107718
  6.775e-07          9.60694e-05
  6.776e-07          8.74204e-05
  6.777e-07          7.75313e-05
  6.778e-07          7.29339e-05
  6.779e-07          6.3848e-05
  6.78e-07          5.87946e-05
  6.781e-07          5.34116e-05
  6.782e-07          4.78992e-05
  6.783e-07          4.62033e-05
  6.784e-07          4.06144e-05
  6.785e-07          3.55831e-05
  6.786e-07          3.30733e-05
  6.787e-07          3.06086e-05
  6.788e-07          2.84545e-05
  6.789e-07          2.63269e-05
  6.79e-07          2.47435e-05
  6.791e-07          2.2974e-05
  6.792e-07          2.09178e-05
  6.793e-07          1.982e-05
  6.794e-07          1.82889e-05
  6.795e-07          1.7028e-05
  6.796e-07          1.59496e-05
  6.797e-07          1.48988e-05
  6.798e-07          1.40104e-05
  6.799e-07          1.32566e-05
  6.8e-07          1.23749e-05
  6.801e-07          1.15446e-05
  6.802e-07          1.08263e-05
  6.803e-07          1.02498e-05
  6.804e-07          9.18152e-06
  6.805e-07          8.68206e-06
  6.806e-07          8.18729e-06
  6.807e-07          7.72498e-06
  6.808e-07          7.2662e-06
  6.809e-07          6.96428e-06
  6.81e-07          6.66508e-06
  6.811e-07          6.37296e-06
  6.812e-07          6.19634e-06
  6.813e-07          5.83993e-06
  6.814e-07          5.45412e-06
  6.815e-07          5.36544e-06
  6.816e-07          5.06579e-06
  6.817e-07          4.80322e-06
  6.818e-07          4.48623e-06
  6.819e-07          4.28443e-06
  6.82e-07          4.10947e-06
  6.821e-07          3.95446e-06
  6.822e-07          3.86085e-06
  6.823e-07          3.77962e-06
  6.824e-07          3.58777e-06
  6.825e-07          3.41018e-06
  6.826e-07          3.19508e-06
  6.827e-07          2.98197e-06
  6.828e-07          2.8374e-06
  6.829e-07          2.69402e-06
  6.83e-07          2.57789e-06
  6.831e-07          2.45199e-06
  6.832e-07          2.34809e-06
  6.833e-07          2.26139e-06
  6.834e-07          2.18059e-06
  6.835e-07          2.15267e-06
  6.836e-07          2.12433e-06
  6.837e-07          2.12108e-06
  6.838e-07          2.11303e-06
  6.839e-07          2.10906e-06
  6.84e-07          2.07054e-06
  6.841e-07          2.04573e-06
  6.842e-07          1.8464e-06
  6.843e-07          1.74004e-06
  6.844e-07          1.65386e-06
  6.845e-07          1.64012e-06
  6.846e-07          1.62614e-06
  6.847e-07          1.62796e-06
  6.848e-07          1.62973e-06
  6.849e-07          1.63382e-06
  6.85e-07          1.63787e-06
  6.851e-07          1.65602e-06
  6.852e-07          1.69228e-06
  6.853e-07          0
